MD
94.81 
91.23 
87.73 
84.32 
80.99 
79.35 
76.15 
74.58 
71.50 
69.99 
68.49 
67.02 
65.57 
64.14 
64.14 
65.57 
69.99 
79.35 
96.64 
136.75 
166.11 
207.65 
275.28 
406.74 
606.28 
795.99 
933.58 
980.89 
933.58 
806.44 
687.21 
597.72 
524.43 
457.66 
406.74 
362.91 
328.07 
300.87 
275.28 
253.59 
237.56 
222.25 
209.69 
199.61 
189.87 
180.47 
173.19 
167.86 
162.65 
155.88 
150.93 
146.10 
141.37 
136.75 
133.73 
129.28 
126.38 
123.52 
119.32 
102.24 
98.49 
94.81 
91.23 
89.47 
86.01 
82.64 
79.35 
77.74 
74.58 
71.50 
69.99 
67.02 
65.57 
62.73 
61.34 
59.97 
58.61 
55.96 
54.67 
53.39 
52.13 
