gh_gh
8.34
8.34
8.34
8.34
8.34
8.34
8.34
8.34
8.34
9.01
9.01
9.01
9.01
9.01
9.01
9.01
9.72
9.72
9.72
9.72
10.46
10.46
10.46
11.24
11.24
12.05
12.9
12.9
13.78
13.78
14.7
14.7
14.7
14.7
15.66
15.66
16.66
16.66
17.7
17.7
17.7
17.7
17.7
17.7
18.77
19.89
19.89
21.04
22.24
22.24
23.48
23.48
23.48
24.76
24.76
26.09
26.09
27.45
27.45
28.87
30.32
30.32
31.83
33.38
34.97
34.97
36.61
38.3
38.3
40.04
41.83
45.55
48.1
50.74
53.47
59.21
62.22
68.52
71.82
78.72
82.33
89.84
97.78
106.16
114.97
129.05
144.17
166.03
189.89
226.41
249.6
277.89
307.49
342.91
389.53
438.71
479.88
528.1
589.75
654.34
709.34
753.46
805.28
845.14
872.17
885.82
892.69
899.57
892.69
878.99
872.17
851.86
838.44
825.11
798.72
792.19
772.72
747.08
728.11
709.34
690.79
666.39
654.34
636.43
618.74
601.27
584.02
572.64
555.75
544.62
528.1
511.8
506.42
495.73
490.42
479.88
469.44
459.09
453.96
448.85
443.77
443.77
433.68
438.71
438.71
433.68
433.68
433.68
428.67
428.67
423.69
423.69
418.73
418.73
413.8
408.9
404.02
399.16
394.33
389.53
384.75
375.27
375.27
370.57
365.9
356.62
352.03
347.46
342.91
338.39
333.9
329.43
324.99
320.58
316.19
311.83
307.49
303.18
298.9
298.9
294.65
290.42
286.21
282.04
277.89
273.77
269.67
269.67
265.6
261.56
261.56
257.55
253.56
249.6
249.6
245.67
241.76
241.76
237.88
234.03
234.03
230.21
226.41
226.41
222.64
215.82
215.82
209.14
202.59
202.59
196.18
196.18
189.89
189.89
183.73
177.7
177.7
171.8
171.8
166.03
166.03
160.38
160.38
154.86
154.86
154.86
149.45
149.45
144.17
144.17
139.01
139.01
139.01
133.97
133.97
133.97
129.05
129.05
124.24
124.24
124.24
119.55
119.55
119.55
119.55
114.97
114.97
114.97
110.51
110.51
110.51
106.16
106.16
106.16
106.16
101.92
101.92
101.92
101.92
97.78
97.78
97.78
97.78
93.76
93.76
93.76
93.76
89.84
89.84
89.84
89.84
86.03
86.03
86.03
86.03
86.03
82.33
82.33
82.33
82.33
78.72
78.72
78.72
78.72
78.72
75.22
75.22
75.22
75.22
75.22
71.82
71.82
71.82
71.82
71.82
71.82
68.52
68.52
68.52
68.52
68.52
68.52
68.52
68.52
68.52
68.52
68.52
68.52
65.32
65.32
65.32
65.32
65.32
65.32
62.22
62.22
62.22
62.22
62.22
62.22
62.22
59.21
59.21
59.21
59.21
59.21
59.21
59.21
59.21
56.29
56.29
56.29
56.29
56.29
56.29
56.29
53.47

